"","E1-1_Root","E1-2_Root","E1-N_Soil","E1-S_Soil","E2-1_Root","E2-2_Root","E2-N_Soil","E2-S_Soil","E3-1_Root","E3-2_Root","E3-N_Soil","E3-S_Soil","E4-1_Root","E4-2_Root","E4-N_Soil","E4-S_Soil","E5-1_Root","E5-2_Root","E5-N_Soil","E5-S_Soil","E6-1_Root","E6-2_Root","E6-N_Soil","E6-S_Soil","E7-1_Root","E7-2_Root","E7-N_Soil","E7-S_Soil","E8-1_Root","E8-2_Root","E8-N_Soil","E8-S_Soil","E9-1_Root","E9-2_Root","E9-N_Soil","E9-S_Soil","P1-1_Root","P1-2_Root","P1-N_Soil","P1-S_Soil","P2-1_Root","P2-2_Root","P2-N_Soil","P2-S_Soil","P3-1_Root","P3-2_Root","P3-N_Soil","P3-S_Soil","P4-1_Root","P4-2_Root","P4-N_Soil","P4-S_Soil","P5-1_Root","P5-2_Root","P5-N_Soil","P5-S_Soil","P6-1_Root","P6-2_Root","P6-N_Soil","P6-S_Soil","P7-1_Root","P7-2_Root","P7-N_Soil","P7-S_Soil","P8-1_Root","P8-2_Root","P8-N_Soil","P8-S_Soil","P9-1_Root","P9-2_Root","P9-N_Soil","P9-S_Soil"
"E1-1_Root",0,20.5558832023647,52.2437674057936,77.3995041253944,56.0684088473101,54.3406317171518,63.4575671327422,63.0655357054588,63.1732487619431,64.2077471977797,74.7993524064326,75.5838156798247,54.5616332794575,53.9789450210431,67.1556921520103,69.1114329736127,59.5553696126496,60.2706091221836,68.399707131143,70.6290103519841,62.9029042049307,66.4012017613103,61.4374409229178,68.010248166936,61.1136948417669,62.0721924979108,71.0254358484366,62.7209064280043,57.1921671699376,59.4677257173459,76.6998879331007,65.3866174954416,56.1618091169147,57.582841512419,71.083123952879,71.8495528341328,52.1475759654569,52.1126216504729,58.4268474559062,64.0562708905028,55.4255408258132,55.2353632257685,65.165055929923,61.4396164773755,53.1394553597851,53.8552360303842,60.4756232572275,58.5316095827871,55.3579697764165,55.1056150941672,65.6133816088608,67.153271618869,61.6805134266799,62.3422647111074,66.1941454116351,64.9012548945641,60.42686935549,60.3588973160752,71.6340447977482,69.4650947499063,52.817530823117,53.8494617925402,65.1470222530186,62.8683250642524,57.7948261880019,57.029232433071,67.8763307355376,71.32288301954,59.5810992630114,57.8687396743795,67.7295204709548,76.0247382766875
"E1-2_Root",20.5558832023647,0,52.3905808916967,76.684608620536,55.27905085946,53.4403249486887,62.3292867993519,62.4278610789241,62.4908069616934,63.0869072522123,74.7735626902086,74.8400971178892,53.9987919743284,53.5792966700043,67.4067742741127,68.9784783047464,58.8628881018821,59.3005985676843,67.3918738859347,70.3373261807598,62.7266881801128,66.6370310356866,60.905814429379,67.6123121887803,60.7925239635002,62.0391843248529,70.6313537736773,62.2150322219017,56.1136273518015,58.5442443248045,75.6622486920176,64.5468216525765,55.6148718248577,57.0264350739882,71.117768514807,71.1497047787714,51.9524703731732,51.7597445576597,58.215313952392,62.2717434320481,54.2129734754411,54.6936887614331,64.4007158124375,61.3412498865487,52.3273450773898,52.8051499957197,59.6472525534768,57.2986544139583,54.7914115047775,54.8102681572282,64.6105690037828,66.9865731592452,60.6574724950111,61.2866650216042,65.3320783325007,63.9205933202825,59.646778810814,59.8537691412211,71.099056813645,69.3749531779329,52.4277799360663,53.6788756549838,64.4084122030747,61.3588797478413,56.7219776025164,56.7455757535981,66.9754963278966,70.6179961106637,58.1419972014137,56.2832486220445,67.1182569155869,75.8434782393547
"E1-N_Soil",52.2437674057936,52.3905808916967,0,74.8638466528285,69.0555845593023,67.2422041591477,57.9505599793726,61.8778752502477,75.8873199359814,76.3389323965902,73.4102774948251,72.5990276792006,69.0829012447641,68.1896983673209,65.9355206597167,66.107568024174,71.7576977209077,72.1205150182894,65.6912752504752,64.9669763383538,75.2924350329398,77.2326913111539,57.491276576816,69.188713394384,72.5687383267926,72.6839735295362,66.2016333639268,59.6034186333816,70.1440726810699,72.0566897380091,71.7468087108708,62.5070080752082,66.862283589595,68.2104246914269,66.312761201602,67.0428032196376,64.2822841565554,64.2324377580856,62.337945844386,67.932632051202,66.3489687177769,65.9855527027571,66.2655871865051,60.7125280608848,66.5608309155384,67.0981167180479,59.7944732802565,53.6302044642873,67.4360712420413,67.0297353376384,59.283119434793,63.2261807758324,72.0383908563934,71.4503743041907,64.6967305682939,65.0714887850455,70.9140467037018,70.1961223616042,71.6161447449077,67.4135131349094,62.980482215066,63.3047437927016,61.1493874617875,65.5495456892818,67.8326504439216,67.3455333720915,66.3625746434383,69.6681976137984,67.2026071733043,66.336299162529,65.9721668621059,73.347198870362
"E1-S_Soil",77.3995041253944,76.684608620536,74.8638466528285,0,75.1067090247861,74.1445415675465,73.6540355313363,77.1508593432743,84.9508819608639,85.1532191336936,82.7759212775617,84.7293182564852,74.4066901779597,74.5914250183651,72.6287646169746,74.1520459285085,79.998957811787,80.4879943547418,76.1586054273194,79.4640923189879,81.7152984104198,84.1164751964588,71.7677839960904,73.7492913968759,80.9063700830754,81.0717353891961,79.4212177368646,73.510753243233,79.9626676952144,82.6279994928428,84.5791116280471,76.643980518778,72.5519586368434,73.2445515452697,77.7043940463704,75.9042161978407,75.4547332475268,75.3230337442603,76.4257035529773,82.519895670778,76.1100134360894,76.2298849216871,80.5334008945982,69.3705288989452,76.0952824498584,77.5692226592617,74.5840731388695,70.8934222870592,76.6335267174307,76.1877754603888,74.9294162517968,72.9561316970628,83.0194879628013,83.4361682777291,80.6148732849498,77.0421287828029,75.7375035708171,75.2016012372966,79.5054037970979,76.9666071470511,73.9885045564122,73.6696305259203,75.1557449940229,80.5994384065849,78.7309839809468,78.5141502637825,81.2447333636534,82.4941715940457,75.8013745769792,76.194082195117,78.2455589837336,82.0494773463435
"E2-1_Root",56.0684088473101,55.27905085946,69.0555845593023,75.1067090247861,0,15.4933428504183,61.1466774959098,63.2006043830387,61.1077667109001,62.6263336738723,76.6397646753132,77.6866795246028,48.4881393804007,47.9434669229441,69.1606012358832,70.028360883475,56.2739949810113,56.4353673516356,66.5688134659549,74.8767315686508,60.6065646410963,65.7817926426684,65.0437089415032,68.8052593978703,58.4170955490672,59.6607702501265,73.9279354746213,64.9718585793958,53.7942052396142,58.2693549707067,80.5201899774143,64.8594168886361,46.960598961297,48.0906522748194,74.8382981515256,73.1521395799497,47.0128219693275,47.5588205504236,60.1212849853579,66.7226797634794,49.0873475857207,49.3741302232246,69.0927417600129,64.6443883626242,52.1911030288126,54.7193196407616,62.9657638530939,61.781762341408,49.4489287246599,49.350334155783,69.5446892944406,69.389237857303,61.8893675124585,64.0913179575245,70.8361968688308,65.6514735957605,51.2293836454317,51.1870716617774,74.8794901995896,72.5292444533363,46.5219525529836,47.3685318737993,66.3759517200787,66.9993837766714,53.449490076688,54.1229066376341,68.9892777139258,72.4985866074158,52.6136767023809,52.3337231341082,71.5279473904604,78.2797428666646
"E2-2_Root",54.3406317171518,53.4403249486887,67.2422041591477,74.1445415675465,15.4933428504183,0,59.0673421027579,61.1275021325713,59.9083133985515,61.1637135107373,74.5320598558136,76.7426583059704,47.8346303851017,47.1275120055895,67.5641355628583,69.190972878272,55.0163369390096,55.0380762416198,64.6698277671794,73.2315193886064,59.3935596476951,64.3792926753181,63.8073211598034,66.8627563242724,57.6290025188633,58.9933953277011,72.8896294160623,63.5743140852177,51.7743673616999,55.7378216998648,78.548736984932,63.2120584046315,45.4098828142976,46.9348979618326,73.8887658262988,72.2640377338836,45.4879172835293,46.2673874192401,58.4631871626649,65.5719724257709,47.7521328309488,48.1236693456255,66.9587250213919,62.4458828449628,50.2815417348877,52.9090041679254,61.4353199588521,60.5153727471156,49.2693284183593,49.3272541517451,68.5399746440984,68.7334846871042,60.60480702194,62.8314460454828,69.5780386531667,64.5259926235784,49.8428384689196,49.9666975023821,73.0418216510844,71.1416480409163,45.0997874923174,45.8724473988041,64.9339952594814,66.0943523178362,52.7650219900158,53.2739346523093,68.3456022014657,71.6077253421638,51.8736376916602,51.2728494416603,70.5678692216614,76.8984920838751
"E2-N_Soil",63.4575671327422,62.3292867993519,57.9505599793726,73.6540355313363,61.1466774959098,59.0673421027579,0,60.5981487697484,74.2638389484324,74.7103710661602,69.9373962454038,72.1219572352773,66.6689303622201,66.1631833827147,65.0047726186616,66.4542672468903,70.2083154500422,70.7525930899876,63.6827729054457,63.4258995634115,75.1031093193239,78.0699070014767,58.2034711318197,68.3187800099187,71.7795557889956,71.9290396256052,66.7235531893913,57.0609228551409,70.1130185272923,72.3115086084343,69.9744464019727,59.3359905431796,64.7695126525792,65.8372315552621,66.6986259281682,66.7335772142541,61.9762874437502,61.6727345372844,63.1681884754709,68.5491790440792,64.6722629381295,63.9914711089404,66.7267436897221,60.8235244520984,63.88060404307,64.896174995408,57.4300729742861,54.0687032504266,66.7169633598217,66.2986463680224,60.8365999277862,63.5952311990138,70.1875862613292,69.6280351581596,62.5841691527707,60.0319170162841,68.4380734170393,67.5275780102749,71.5785844356018,67.1881724304842,59.651883412331,60.145366423409,58.5180490481389,64.7788599964846,65.2655807440363,64.4684448787881,63.5895863839947,68.7168736709765,65.2952043314615,65.0315518221051,66.8059997544068,73.636261696301
"E2-S_Soil",63.0655357054588,62.4278610789241,61.8778752502477,77.1508593432743,63.2006043830387,61.1275021325713,60.5981487697484,0,73.9450183992561,74.6989191363946,74.2383645054166,75.0224758977201,66.7464161542501,66.5263384645639,68.3584013925652,69.8481637761549,67.732635835367,67.7287271260396,63.857931131905,68.6049493474133,71.6875262668467,74.9178376189909,60.7382201801738,69.6112811043183,71.4495005712027,71.6727258681549,69.6621506381298,61.7550171993654,65.5439022161996,67.4583619038917,73.1971694646546,62.7060488454318,64.6801880811934,66.4046473913295,69.4713975667048,70.0695638690666,62.5272036252544,62.673816427386,64.8803018880003,65.153703799194,62.9444433251008,62.8914353113416,65.9249040056719,63.2089099893536,64.1808616392792,65.2331476406585,63.0195020009636,58.6485960545223,70.677331314881,69.8336929716793,67.1539533180772,69.4058089963609,70.3337924760479,70.2488590601938,69.0823121569057,67.7332129109113,66.7080440069663,66.8098839236553,71.8784395161158,66.8547924302423,62.986188218729,63.3330553514679,67.0529136511145,67.4972562472083,67.8858355272989,67.8694950631085,68.8354011958505,71.6275447290433,65.3802804777023,64.9401609962264,67.9664108275206,73.4089056587249
"E3-1_Root",63.1732487619431,62.4908069616934,75.8873199359814,84.9508819608639,61.1077667109001,59.9083133985515,74.2638389484324,73.9450183992561,0,28.3337725985361,68.537439549529,70.3662722267802,60.5677155451708,59.9627866520531,74.7728424050883,76.4025518812571,63.6728840739645,64.1217743260426,74.7387698070119,78.4249548276333,68.4921289049801,72.9244020373437,74.7335676958216,74.9900746878707,64.3905098163019,65.1081488063326,79.3543172919824,74.0546897405322,62.9843328069595,65.5045126680384,85.0577166359708,74.3040771627951,60.8706674965674,62.1263438593361,80.901131770389,80.7492940868736,61.9895960827234,61.9363536113774,70.6334840384409,74.3651873105349,66.9799473338688,66.9459571438343,77.5107346916821,72.3042094515909,64.5660566621803,65.9431329918733,74.1258658042169,71.213939860237,65.6157630716828,65.7739751979736,79.2451923561766,78.9916087014096,71.7728014046587,71.9985405505113,80.0377399919332,75.8119962470712,65.5354908734788,66.2598245303671,81.6632966054332,78.9934011923699,60.3084923490721,60.5801194076057,74.2170069511835,73.363669200293,64.9036147313356,65.0354464099591,76.8215728870359,78.0533708416133,62.2861404999878,61.8961130154415,76.4629554832522,83.0679839529517
"E3-2_Root",64.2077471977797,63.0869072522123,76.3389323965902,85.1532191336936,62.6263336738723,61.1637135107373,74.7103710661602,74.6989191363946,28.3337725985361,0,66.5850080250919,69.3004018787193,61.4302578519892,60.9547734709231,75.4166338146356,75.8512533434097,64.3420095193997,64.4842248451542,75.082146831754,78.1285235124369,68.7729708521616,73.101251367325,74.5548826646169,75.0775312979492,65.0972012431065,65.9480734931865,79.3156822999078,74.4146765987809,64.0776572489648,65.8295981576186,84.9192872539932,74.8098457953349,62.3551292876731,63.3694806744265,80.0025444199679,80.2672705142094,63.7039333273414,63.5913843371991,72.3237137477382,75.050950374277,67.8429725193188,67.7764501075779,77.1558645550543,72.5044598066657,65.117152603389,66.0941063208051,74.4986026405691,71.2884752374402,66.9775855465892,67.1954052202896,79.3345770271992,79.4812002205744,72.9335730211101,72.9711089089781,80.8767597748269,76.5619388364351,67.0211614166887,67.6350159707893,81.6322679093221,79.195936645566,61.9376398099854,62.2705224328297,74.7596540448965,72.9566326007467,66.0637730643112,66.4054797308878,77.410300969189,77.3769516622688,62.9480140102592,62.1672332115346,76.2754299940176,82.5723807705689
"E3-N_Soil",74.7993524064326,74.7735626902086,73.4102774948251,82.7759212775617,76.6397646753132,74.5320598558136,69.9373962454038,74.2383645054166,68.537439549529,66.5850080250919,0,65.137795789055,74.0034180726652,73.971738644629,69.1691121919948,70.1184447669841,77.3357085485507,77.5286529266395,74.0895176087692,72.7284313011379,81.1771601183543,83.9114490364089,71.5492499070128,73.3614646490385,78.4862031762804,78.0338550719354,74.8477145053588,70.7281963086147,76.5774179534456,77.3822921533026,77.2001458000885,71.4160005956091,74.2531688274845,75.2844939947455,73.2629523183124,74.4103540581506,74.8034582930278,74.5992806699039,75.3988124550876,78.9944380231086,77.1753504472575,76.358276154123,77.8900333186429,71.4903228309528,75.2983688154831,75.7514417730214,74.4296345625385,69.4797417248018,78.8564562470743,78.4829048571223,74.9623403972641,76.2147471977927,80.865259779172,80.1324067949601,76.9175997077615,73.7795419713987,76.651679842736,75.948669548892,77.8210629433829,74.435079175908,71.2987805708589,71.604840792722,70.3547804108978,73.6850791720073,76.2378036788353,76.1175962215447,74.4658144618005,74.4923367429783,74.5711356575356,74.4616159344669,73.4160220788873,77.3130468131073
"E3-S_Soil",75.5838156798247,74.8400971178892,72.5990276792006,84.7293182564852,77.6866795246028,76.7426583059704,72.1219572352773,75.0224758977201,70.3662722267802,69.3004018787193,65.137795789055,0,76.3630991721203,76.7797373144498,73.7107518061581,72.4272104377435,78.0939280104048,77.6157311088896,75.5237618166834,74.8504652833273,83.6716953976675,86.3549807742999,74.9195504900824,77.878699218391,78.7300665045711,78.0937090502937,76.4263388993937,73.2879945038953,77.9439140773844,78.7510085544881,79.2668392445922,71.5545376446233,76.6691012183893,77.7422225153846,76.2155776548041,77.1279296428461,75.574172401642,75.6461655965696,79.5377145094552,79.5171699832481,79.0591391790657,78.4198578208389,78.8823888243747,74.7988260484196,77.267998571427,77.4645337870327,77.0306625822914,70.5630894029646,80.1223132474358,79.853243020465,77.1946265054443,78.485112709432,81.3472887432828,80.590635108669,78.7779735266901,76.1343628665049,79.4193471989959,78.8622567590793,84.2344061500701,77.6846248188754,73.2570530909892,74.05367010588,71.6982201461867,74.7485070324922,78.3890588862086,78.23320351904,76.7648128945631,76.8928365145376,76.334620075952,75.8789712208851,75.1976959395955,79.2881205921636
"E4-1_Root",54.5616332794575,53.9987919743284,69.0829012447641,74.4066901779597,48.4881393804007,47.8346303851017,66.6689303622201,66.7464161542501,60.5677155451708,61.4302578519892,74.0034180726652,76.3630991721203,0,15.2740095871515,59.7375249257146,67.1195730226201,57.4387642667785,57.5016804851097,70.4442302274602,75.5720915936449,58.1234264309758,63.4035372749904,64.284309160629,64.2017791985609,56.8909418453563,58.0520586014687,72.4645874710515,64.5197091383627,58.8755774265464,62.3688929943566,80.7469857335192,66.8472026545064,47.1201818401663,47.4714277180772,74.3240741779822,73.2710745800865,49.1385751698181,49.516344627294,59.4935170829766,66.732622866756,50.5397397569843,51.1178838307717,71.1598872721822,61.8498604885347,52.5289314490647,54.1771087117247,62.6873288756332,61.7398814997408,51.9118853597872,52.248137705276,70.3623057095403,65.7406058932428,63.2081206187191,65.0893018977183,70.8417766243803,66.2408360579094,49.710431452215,50.4334036634575,70.9233457301562,71.3336490347942,45.5166041384765,46.1532076417651,64.1145629426329,68.01937706858,56.7099433506404,57.8923456247838,71.3136697334064,73.3700297070296,54.9956184748054,53.9325929207251,71.5335118956718,77.2420755686367
"E4-2_Root",53.9789450210431,53.5792966700043,68.1896983673209,74.5914250183651,47.9434669229441,47.1275120055895,66.1631833827147,66.5263384645639,59.9627866520531,60.9547734709231,73.971738644629,76.7797373144498,15.2740095871515,0,59.9607389830064,67.581898486528,56.8413399981306,57.1815006252555,69.98947548556,75.6178196420279,59.0702441057153,63.9174312094957,64.4909465384281,64.5769441350545,56.8183928262418,57.8539984175322,72.7325182999011,64.8717502348767,58.3326173744957,62.04706178904,80.6421525306826,66.7149795663789,46.9952142537832,47.3646023454072,74.2945822928222,73.4605082219428,48.9862207160987,49.515086811983,59.0976237170461,66.5430265302067,50.84868421825,51.3269752541266,70.8157157177276,62.660570015491,52.4701209604728,54.4699260574198,62.2803260683842,62.3000309868548,52.168154773496,52.4836252886968,70.1393483677003,66.4977887161494,63.2803455340632,65.0657131201334,71.3284985471201,66.4355021929998,49.5220392614387,50.6903660628544,71.7976967907785,71.2954784111665,45.2650848600076,45.8973690657389,64.0692557642016,67.5738517211378,56.0499949147391,57.0822380112703,71.3516484077066,73.1488914110327,54.4608418463473,53.1301316759703,71.5579408302557,77.0723420112721
"E4-N_Soil",67.1556921520103,67.4067742741127,65.9355206597167,72.6287646169746,69.1606012358832,67.5641355628583,65.0047726186616,68.3584013925652,74.7728424050883,75.4166338146356,69.1691121919948,73.7107518061581,59.7375249257146,59.9607389830064,0,58.9049325469256,73.0828312120548,73.4934275536511,70.9415590332916,67.8744254143761,73.4564404589783,76.3698584933008,61.0130557841288,59.6169454124345,73.4298857747686,73.4176792565309,68.3123890225782,61.8164831284153,72.9905794910671,75.8143450199425,77.528403243666,67.4078855083525,66.8563774051968,67.8430638351462,69.6821658776796,68.6986096208532,65.7116382054541,65.5124750186624,65.806603160253,74.4808097382782,67.5811030414643,67.3807855682469,74.3054170773799,60.2999205938709,67.0296320571175,69.0621197548576,64.7604704025837,61.3943275164618,68.1025549650182,67.2366637086649,64.8401106992182,61.1800623730833,76.0130951119015,76.3827709351051,73.5007546621871,69.5630736498254,66.3536758330837,65.7048144170617,66.3884904812125,65.6321712465453,63.7269518134291,63.3521355532583,63.6977979207717,71.4385995785939,72.00158941902,71.8596281338618,72.5808197058434,74.4410913318642,68.7237356769976,68.7449303623638,71.0237968946281,74.3386195090352
"E4-S_Soil",69.1114329736127,68.9784783047464,66.107568024174,74.1520459285085,70.028360883475,69.190972878272,66.4542672468903,69.8481637761549,76.4025518812571,75.8512533434097,70.1184447669841,72.4272104377435,67.1195730226201,67.581898486528,58.9049325469256,0,74.5796260057643,75.2035563368537,71.492420504297,67.5117112360796,75.4359831041464,77.9038200882694,64.0613090137877,67.1933314264761,73.5011660187303,73.8166999810209,70.0815877437011,65.7118822785775,74.026081788612,76.1276086122045,73.9251558247203,68.2541603672624,68.9516473365668,69.5412903217528,69.7366610589547,67.7788510845693,68.4521134717354,68.2725978202054,70.7072665021572,75.5490912898261,71.2755355310694,70.5542503108451,74.115650465458,63.4191403361968,69.7600347310344,71.0783500903597,68.0955498077813,62.1166593346395,69.4324643817729,69.015708966598,66.383469415303,63.0135774673854,77.4712777622728,77.2343193345973,74.122507229043,69.8335126255761,69.2529913793265,66.7825850565301,69.8776253365171,69.0944256167826,66.0108198854941,66.0850828717434,65.3424587834514,70.6740672150617,73.994347037477,73.9864703881628,72.6207591520098,71.0565419327311,70.1652572881588,70.3668138943557,71.3431742299419,73.284926413501
"E5-1_Root",59.5553696126496,58.8628881018821,71.7576977209077,79.998957811787,56.2739949810113,55.0163369390096,70.2083154500422,67.732635835367,63.6728840739645,64.3420095193997,77.3357085485507,78.0939280104048,57.4387642667785,56.8413399981306,73.0828312120548,74.5796260057643,0,20.0912333194674,61.4395151215878,75.3181967307612,64.8987495807442,69.0657354380882,69.4594110452041,71.9021048881413,63.1102776567161,64.0902749967214,78.2933811975316,69.0069274575107,56.6542540682832,59.5351338669914,81.2299994459387,72.1419883057485,57.1728917931593,56.657955061446,76.278900484882,75.7532448847879,59.0212688968697,59.9796391913763,66.3920162876851,68.5592549150985,58.2248522948097,59.020192899706,67.9988268460235,67.1755966672254,60.2092650068569,61.5365266520601,68.3482497810165,67.1646705243007,60.8635235010101,61.195265124833,74.3249186517023,74.5239236199768,65.0317248478831,66.5713120335628,75.4675691960121,72.6283643571803,58.2514287887934,59.0278906555224,76.2948018144884,75.2782299992499,60.8317156181039,61.0168032668047,72.7822733534161,70.2867999400437,62.4138256469516,63.3681181167648,74.7653317371468,74.7467028895526,59.3666037547348,58.9852923569578,73.239293753395,79.3978087572429
"E5-2_Root",60.2706091221836,59.3005985676843,72.1205150182894,80.4879943547418,56.4353673516356,55.0380762416198,70.7525930899876,67.7287271260396,64.1217743260426,64.4842248451542,77.5286529266395,77.6157311088896,57.5016804851097,57.1815006252555,73.4934275536511,75.2035563368537,20.0912333194674,0,62.0000587540742,75.3642366401537,64.62844013307,69.1112193959126,69.4745658727739,72.3297938601963,63.6513617672895,64.8262480228937,78.4776580550918,69.2687780335805,56.492166335143,58.7752854674264,81.2857158912587,72.0790315679487,57.4924553191398,57.0409187368617,76.691399405998,76.4032247053335,58.7200369673744,59.833042498963,67.211127899116,68.6245152258557,58.767626243882,59.5372509419316,68.2732220170402,67.5377471272321,60.3252641390753,61.2221555856205,68.3927954773253,67.8884542505206,61.0294666950507,61.4558604183475,74.5928998050561,75.2663561767562,65.3488706056675,66.9808597165676,75.7306120665731,72.9628900371197,58.8338764203097,59.5986810054126,76.6213553545696,75.7670352171052,61.2808151402516,61.5495795821763,73.5865758240397,70.6437627383069,62.8841703690772,63.7417659748217,75.2340885173708,75.7716803566091,60.0634724846805,59.5734052945922,73.5475962137422,80.0647525404762
"E5-N_Soil",68.399707131143,67.3918738859347,65.6912752504752,76.1586054273194,66.5688134659549,64.6698277671794,63.6827729054457,63.857931131905,74.7387698070119,75.082146831754,74.0895176087692,75.5237618166834,70.4442302274602,69.98947548556,70.9415590332916,71.492420504297,61.4395151215878,62.0000587540742,0,67.3914933936384,76.2802649247562,78.9143490177001,63.4458263523381,71.42670634976,72.9905032381605,72.7205311763772,72.6319565500425,64.5863601219256,68.5736846369966,71.0872472843069,76.4663123778682,66.8768027096966,67.0977098420777,67.4389383770964,70.9144177042677,71.4531105618774,65.969302796203,66.5990161946259,67.9989033637637,71.8102814622487,66.523678957308,67.0488148511681,66.4308272842861,64.1601818732561,67.2649037266449,67.992105918794,64.3100539463969,59.3772983288467,70.8023751792716,70.7678061265838,69.455148867731,69.9026697223534,73.0037984506323,72.9426331713203,71.6232008900738,70.603437914562,70.2245355286706,70.7192222486545,77.1051513262411,72.1757322798054,67.0228684265068,66.8859215216747,69.510099109469,69.1244775837172,69.239587654349,69.1174159281462,70.1489338625047,71.6454536793803,67.1750249168392,66.6239162525879,70.6256675364853,75.6997723577234
"E5-S_Soil",70.6290103519841,70.3373261807598,64.9669763383538,79.4640923189879,74.8767315686508,73.2315193886064,63.4258995634115,68.6049493474133,78.4249548276333,78.1285235124369,72.7284313011379,74.8504652833273,75.5720915936449,75.6178196420279,67.8744254143761,67.5117112360796,75.3181967307612,75.3642366401537,67.3914933936384,0,79.9232954213877,81.9493742314317,63.5666453579166,74.3730335841857,78.4161791563196,77.9755112175929,68.4685113131663,64.8521933212553,75.9509027099668,77.929490711139,70.9839880083628,63.9869868635039,73.5074172354485,74.4184553675301,71.6552503135702,70.4157809606634,71.7608750831904,71.1902904469032,72.1802484817517,75.3358662476245,73.5798112278872,73.6832459519386,72.8386921049,63.9027903121902,72.6420566785849,72.7805755996753,68.6249931178706,62.6904263744363,74.3550810843853,73.8984757836534,66.3785975179881,67.1225117517246,78.3989228092526,78.1816466192352,71.9178287103883,71.1320034753362,75.9114930785283,74.69703716425,75.1157715511528,70.188793281655,72.0393275621786,72.5043831439853,65.4840101023529,71.5712260136993,74.6743312355578,74.3124062097151,71.7901982950519,73.4156065856217,73.1034289909582,72.8648112340039,71.7740396655707,76.7964362783262
"E6-1_Root",62.9029042049307,62.7266881801128,75.2924350329398,81.7152984104198,60.6065646410963,59.3935596476951,75.1031093193239,71.6875262668467,68.4921289049801,68.7729708521616,81.1771601183543,83.6716953976675,58.1234264309758,59.0702441057153,73.4564404589783,75.4359831041464,64.8987495807442,64.62844013307,76.2802649247562,79.9232954213877,0,29.7114651231517,66.040551176319,66.9069098318956,65.6168862150372,67.8939035155118,79.1642464224807,70.8218834256978,65.1835594605012,67.3652523406649,85.854843429549,75.9257832985316,60.1661682799391,60.5646645909935,78.1587526680611,78.5252489200839,60.6145839595174,61.7226250854743,68.8265853948942,73.4902449605649,62.4342937704258,62.7299228833708,74.8907548465848,70.7987554287182,60.2444395549854,61.0824558872092,70.256905518308,69.1107539736171,61.3433177505622,61.0408023450092,76.1939689154331,75.4730481192992,71.0767726290631,72.6311017184614,77.9855726861574,75.1933072165675,61.3570596962399,60.867735946072,75.753233955078,76.1111066408487,60.7067831868996,61.0816930066518,74.8907951058606,75.6645621887554,67.7326420092846,68.0016521520515,77.4404699876888,77.6037165199156,63.5401379030746,62.2750430122816,76.3129174075517,82.6580069398323
"E6-2_Root",66.4012017613103,66.6370310356866,77.2326913111539,84.1164751964588,65.7817926426684,64.3792926753181,78.0699070014767,74.9178376189909,72.9244020373437,73.101251367325,83.9114490364089,86.3549807742999,63.4035372749904,63.9174312094957,76.3698584933008,77.9038200882694,69.0657354380882,69.1112193959126,78.9143490177001,81.9493742314317,29.7114651231517,0,68.4250384171679,70.2824891437035,70.3098827618037,71.786016689434,82.4759656325981,73.8338113108955,69.2308515395077,71.2722016576546,88.2017094296333,79.6164881579798,63.9938564462217,64.5517524018581,79.9131713517884,80.9294219253525,65.2799636669733,66.0036367333713,72.9295101712132,76.4386296693904,67.0650466035475,67.1245483491388,77.218694393495,73.6167671267637,63.6718242401379,64.6442351177738,72.4297242538077,70.8086663451911,66.0997497502643,65.5485292532318,78.8452726259467,78.1799323652792,75.2374699344152,76.4350925275904,81.2528320936558,79.0293278964856,65.7167000553555,64.783170999069,78.5585324676807,78.809151864087,65.6400912931992,65.7855940968354,77.7074502355085,79.0007307768272,70.972948768076,71.2924898684965,81.0657531927057,79.7992952214722,67.2140533583611,66.4025027666514,79.3787040939626,84.5346032318479
"E6-N_Soil",61.4374409229178,60.905814429379,57.491276576816,71.7677839960904,65.0437089415032,63.8073211598034,58.2034711318197,60.7382201801738,74.7335676958216,74.5548826646169,71.5492499070128,74.9195504900824,64.284309160629,64.4909465384281,61.0130557841288,64.0613090137877,69.4594110452041,69.4745658727739,63.4458263523381,63.5666453579166,66.040551176319,68.4250384171679,0,61.419869239646,71.1639587248249,71.7595919479237,63.2593042972369,54.5025212159976,70.2202950560755,72.5436788770956,72.0184348341866,60.4286633048526,64.2912270848054,65.3488001289532,66.2306688006929,66.807812790132,60.9800792227143,60.5536293672265,59.7941451166257,68.3148347828574,62.8286901575122,62.8473290241459,67.4454416976688,57.3030496816344,58.8437708046482,59.5085573978511,51.6005944569818,46.4597416231074,65.5973514608668,65.0234675382105,57.1516882735132,58.3968896874008,70.5663892905399,70.4652718685765,64.3915590036768,62.5476952069996,65.5270912509598,65.7123461756779,66.7703286754316,65.3639468806621,60.7049415082234,60.6783484828619,60.9489043877366,66.5284563822553,66.32632803621,65.6689423147997,65.9576404298752,68.537429099276,63.3196211413138,62.457769839239,64.2763373958739,70.8759098386382
"E6-S_Soil",68.010248166936,67.6123121887803,69.188713394384,73.7492913968759,68.8052593978703,66.8627563242724,68.3187800099187,69.6112811043183,74.9900746878707,75.0775312979492,73.3614646490385,77.878699218391,64.2017791985609,64.5769441350545,59.6169454124345,67.1933314264761,71.9021048881413,72.3297938601963,71.42670634976,74.3730335841857,66.9069098318956,70.2824891437035,61.419869239646,0,71.469785718625,72.5153615270721,73.067969539542,63.3961057020398,72.6236574570272,75.0858359811279,80.045176641444,70.5800084120874,65.021780907508,65.918995139768,70.3611313020977,69.6431839454146,65.3889054883577,65.3263959449684,63.3993326801109,73.750321905129,66.8138009113047,66.7812000508019,73.945487755684,62.6127465434128,64.1461226584097,66.2456772670055,64.3667014579307,61.5909232968806,67.128893112141,66.5489132338888,67.5379010836183,65.8077206653916,74.6316965977635,75.3938979970615,74.1553659898367,70.3486904973899,64.2402491064308,64.1126830587085,64.2804248327784,67.6444537725998,63.6896291909693,63.8183383534312,68.5015440678531,73.6778983553935,70.4658340052698,70.1820407804743,73.9435384148511,75.7083399304842,66.7715529365639,66.453229969894,71.4178147756835,75.3393870382895
"E7-1_Root",61.1136948417669,60.7925239635002,72.5687383267926,80.9063700830754,58.4170955490672,57.6290025188633,71.7795557889956,71.4495005712027,64.3905098163019,65.0972012431065,78.4862031762804,78.7300665045711,56.8909418453563,56.8183928262418,73.4298857747686,73.5011660187303,63.1102776567161,63.6513617672895,72.9905032381605,78.4161791563196,65.6168862150372,70.3098827618037,71.1639587248249,71.469785718625,0,19.8953988333446,65.9512953203666,69.9076483396787,60.7156992022893,63.7372574107865,81.3286220102348,69.7545044085022,57.654183675378,59.0983837037752,78.0996875877059,76.4249059063939,57.8396717017417,58.5500655706483,67.0083341266405,70.7715731221417,60.0835041808529,60.5510053826125,73.1150131906751,69.0646911469458,60.2009029554892,61.2827370733746,69.213321011854,68.57928367297,58.8471218044411,59.0567756947671,75.647980483612,73.6984484465373,69.1010390940108,70.2400923097685,75.9059462238578,71.2663725442463,59.0317132307504,59.2006675723211,77.3266757901376,74.955655836583,56.1262133397367,56.8757348657962,70.6931960921869,70.3786561531852,62.7236346077566,63.0879129272668,72.5155944946861,76.4699937746766,62.2583110838929,61.6134110364304,74.8065003673015,81.3722119728102
"E7-2_Root",62.0721924979108,62.0391843248529,72.6839735295362,81.0717353891961,59.6607702501265,58.9933953277011,71.9290396256052,71.6727258681549,65.1081488063326,65.9480734931865,78.0338550719354,78.0937090502937,58.0520586014687,57.8539984175322,73.4176792565309,73.8166999810209,64.0902749967214,64.8262480228937,72.7205311763772,77.9755112175929,67.8939035155118,71.786016689434,71.7595919479237,72.5153615270721,19.8953988333446,0,64.9590967254881,70.1980056951206,61.7354412237247,64.5942582079299,80.8469771764153,70.0102545399077,58.6074767536995,60.0003325329976,77.4171768991137,75.8701557882874,59.6373371042929,60.2810694837253,68.4821443873733,71.6263228900904,61.1438057702426,61.5849445557817,73.4175782572355,69.4649674082847,61.4217657490879,62.4270570297302,69.799890579724,68.6422789151454,60.1760532041166,59.8788681706644,75.9249688696339,73.9515338229669,70.0999604449407,70.9941422897158,76.354203461137,72.3078934926493,59.4418447452697,59.8028435920102,78.1699522077343,75.086184682982,57.3660074364936,57.8524240667649,70.5142112054465,70.3940143553152,63.486586414015,63.2071426607176,72.7693995086615,76.4052050005155,63.7012492203732,63.2602564717762,75.0680314842669,81.2633257876972
"E7-N_Soil",71.0254358484366,70.6313537736773,66.2016333639268,79.4212177368646,73.9279354746213,72.8896294160623,66.7235531893913,69.6621506381298,79.3543172919824,79.3156822999078,74.8477145053588,76.4263388993937,72.4645874710515,72.7325182999011,68.3123890225782,70.0815877437011,78.2933811975316,78.4776580550918,72.6319565500425,68.4685113131663,79.1642464224807,82.4759656325981,63.2593042972369,73.067969539542,65.9512953203666,64.9590967254881,0,58.7598453664524,76.8038348369881,79.1683049257578,75.625391022225,63.7064005113601,72.0854406185101,73.3652733960257,72.0882068983309,70.7005086243431,71.4475385809942,70.9622098240249,69.2411540351705,77.0730238721267,72.3330709865252,71.6507922691197,73.5530194658054,67.0433648131944,71.9280064774896,71.8965938768468,65.7040507260026,62.2191382193299,74.2479549892152,73.3476337081834,65.4833675415709,66.7238777398105,79.5938461627791,79.7698038574989,73.6285275620414,70.1444584553044,73.8519955612778,73.2345501342027,72.358510403913,70.9807201314336,67.2770370550972,67.2598129874576,64.1175251814363,71.4221640799247,74.3379689437647,74.0898508537139,70.579852315797,75.1739399610672,72.9730533182375,72.5542920604846,73.5882358697495,77.5977571799529
"E7-S_Soil",62.7209064280043,62.2150322219017,59.6034186333816,73.510753243233,64.9718585793958,63.5743140852177,57.0609228551409,61.7550171993654,74.0546897405322,74.4146765987809,70.7281963086147,73.2879945038953,64.5197091383627,64.8717502348767,61.8164831284153,65.7118822785775,69.0069274575107,69.2687780335805,64.5863601219256,64.8521933212553,70.8218834256978,73.8338113108955,54.5025212159976,63.3961057020398,69.9076483396787,70.1980056951206,58.7598453664524,0,69.3079518554771,71.5494520633198,69.9232664550948,60.605219764446,62.3828310233574,63.7866533062163,68.1000560665529,63.2797678311232,61.9546555351994,61.2844275416302,58.0166940649562,68.9763280972693,63.0076765868954,62.1116928184169,66.3247607685972,57.0151518781584,61.5298420386402,61.8510249458113,54.6620890287097,51.4378051330463,66.5083717053915,65.6346213724003,59.5846163970418,61.1712338847322,70.8490471822142,71.1416068466987,65.542197555353,62.5735813406937,63.8898190318718,63.3396753252079,63.4770820943727,64.2255070821085,59.9510873823244,60.1637427275952,59.6437892940503,66.1912712744017,65.3486625205928,65.2747619688385,65.0292141862539,68.5309204123667,64.3855284203058,63.9403454903321,68.2607377527662,71.4119907606315
"E8-1_Root",57.1921671699376,56.1136273518015,70.1440726810699,79.9626676952144,53.7942052396142,51.7743673616999,70.1130185272923,65.5439022161996,62.9843328069595,64.0776572489648,76.5774179534456,77.9439140773844,58.8755774265464,58.3326173744957,72.9905794910671,74.026081788612,56.6542540682832,56.492166335143,68.5736846369966,75.9509027099668,65.1835594605012,69.2308515395077,70.2202950560755,72.6236574570272,60.7156992022893,61.7354412237247,76.8038348369881,69.3079518554771,0,23.2339871240295,70.9859295833972,62.5538756843879,55.9805127702985,57.7724849759543,75.5536106827002,75.2776401010841,54.760962003248,55.7824927668886,66.0459748618461,65.6346156570087,55.4490313974231,55.7436979018445,66.1753148229011,66.3180986355874,58.6131551965162,59.4581037535461,68.4984862282373,66.2560230524014,60.2514796300699,60.5958272505165,74.4260987285362,75.2591435095084,62.2975984073958,63.946301771343,73.3397442175806,69.8753640851714,57.4420127344386,58.2177565517848,77.2235760057349,73.9694353737592,55.2865242207519,55.797436854283,69.9733969297599,65.7564819815954,61.3570328895772,61.7923740555401,70.8467807499485,74.0484524043045,60.8043008849854,59.6473676372358,71.760917150542,79.1649778955095
"E8-2_Root",59.4677257173459,58.5442443248045,72.0566897380091,82.6279994928428,58.2693549707067,55.7378216998648,72.3115086084343,67.4583619038917,65.5045126680384,65.8295981576186,77.3822921533026,78.7510085544881,62.3688929943566,62.04706178904,75.8143450199425,76.1276086122045,59.5351338669914,58.7752854674264,71.0872472843069,77.929490711139,67.3652523406649,71.2722016576546,72.5436788770956,75.0858359811279,63.7372574107865,64.5942582079299,79.1683049257578,71.5494520633198,23.2339871240295,0,71.2815148607173,64.6865376251606,59.4187407827724,61.2700266937898,77.369634530993,77.139140764917,58.1734793386689,59.2115322247499,69.2545099542947,67.1678619990455,58.2568677982893,58.570361357984,66.8589422315715,68.8197019613975,61.941620091996,62.2118029492408,71.1107415593159,68.9825881884482,63.8044563912965,64.122125037756,76.8557052385539,78.0356994701735,64.5242992161732,65.4365091933888,74.7922191945971,72.234929364229,60.9481400402206,61.5358645009718,79.3907294702189,75.7558786918526,58.8287007141916,59.7025523071063,72.917437012487,66.9733918308636,63.5819226141482,64.0210319901291,72.4738344711819,74.6181394151338,64.2061184030384,62.7051028981068,72.8899366388425,80.7368903606888
"E8-N_Soil",76.6998879331007,75.6622486920176,71.7468087108708,84.5791116280471,80.5201899774143,78.548736984932,69.9744464019727,73.1971694646546,85.0577166359708,84.9192872539932,77.2001458000885,79.2668392445922,80.7469857335192,80.6421525306826,77.528403243666,73.9251558247203,81.2299994459387,81.2857158912587,76.4663123778682,70.9839880083628,85.854843429549,88.2017094296333,72.0184348341866,80.045176641444,81.3286220102348,80.8469771764153,75.625391022225,69.9232664550948,70.9859295833972,71.2815148607173,0,66.7248998979731,78.327725645028,79.3942526511076,76.2873320304021,73.0787284709933,76.5417410716644,76.4838753653624,77.8244015046114,79.0122544865672,79.333366372114,79.2216299754145,77.4164868986965,71.3617520277738,78.4728286328902,78.5370287488857,75.6895308408677,68.2442063172166,81.401772319023,81.4666462124132,75.0318996112834,77.1484959730964,81.8884232969655,81.3188650414098,75.8648824094374,74.5781410225397,79.5095970164792,78.7020293994527,80.6408336774085,74.2869861970802,74.6960631919375,75.4124804638468,70.688526215601,71.9035941532176,78.4567297502156,78.3938126684838,74.4145365837489,74.0917255114416,77.2410391593184,76.9291606452356,74.5766478777053,79.1719509842984
"E8-S_Soil",65.3866174954416,64.5468216525765,62.5070080752082,76.643980518778,64.8594168886361,63.2120584046315,59.3359905431796,62.7060488454318,74.3040771627951,74.8098457953349,71.4160005956091,71.5545376446233,66.8472026545064,66.7149795663789,67.4078855083525,68.2541603672624,72.1419883057485,72.0790315679487,66.8768027096966,63.9869868635039,75.9257832985316,79.6164881579798,60.4286633048526,70.5800084120874,69.7545044085022,70.0102545399077,63.7064005113601,60.605219764446,62.5538756843879,64.6865376251606,66.7248998979731,0,64.3713064329888,65.8729137709383,69.4929377361605,68.5950414666037,60.7109915966521,60.3793875335972,66.2370940799672,68.8933530558594,64.2093332398372,63.5155134413525,66.7260219720381,62.7850087907249,64.6020658970578,65.1335295845348,62.1957388227509,55.7489578724407,68.1127200252301,68.3552131226043,64.3300454059136,65.3722672259497,69.5355084183256,69.5142064994819,66.0757961920333,59.6443792302352,67.5245634659879,66.8410875831801,74.1817902647178,65.358138554887,58.6902487982384,59.4878308180748,59.13795135586,63.333183410184,63.1431653569498,62.4042154936405,62.192583412807,68.9987297020492,62.8093026605251,62.9789846143997,64.9790054733754,71.8321659768454
