"","E1-1_Root","E1-2_Root","E1-N_Soil","E1-S_Soil","E2-1_Root","E2-2_Root","E2-N_Soil","E2-S_Soil","E3-1_Root","E3-2_Root","E3-N_Soil","E3-S_Soil","E4-1_Root","E4-2_Root","E4-N_Soil","E4-S_Soil","E5-1_Root","E5-2_Root","E5-N_Soil","E5-S_Soil","E6-1_Root","E6-2_Root","E6-N_Soil","E6-S_Soil","E7-1_Root","E7-2_Root","E7-N_Soil","E7-S_Soil","E8-1_Root","E8-2_Root","E8-N_Soil","E8-S_Soil","E9-1_Root","E9-2_Root","E9-N_Soil","E9-S_Soil","Neg_Control","P1-1_Root","P1-2_Root","P1-N_Soil","P1-S_Soil","P2-1_Root","P2-2_Root","P2-N_Soil","P2-S_Soil","P3-1_Root","P3-2_Root","P3-N_Soil","P3-S_Soil","P4-1_Root","P4-2_Root","P4-N_Soil","P4-S_Soil","P5-1_Root","P5-2_Root","P5-N_Soil","P5-S_Soil","P6-1_Root","P6-2_Root","P6-N_Soil","P6-S_Soil","P7-1_Root","P7-2_Root","P7-N_Soil","P7-S_Soil","P8-1_Root","P8-2_Root","P8-N_Soil","P8-S_Soil","P9-1_Root","P9-2_Root","P9-N_Soil","P9-S_Soil"
"E1-1_Root",0,0.0424834736489978,0.222072231180005,0.404192418549147,0.488344765887721,0.51992054870691,0.433464162835531,0.475166359507991,0.413885937115144,0.394421484045443,0.450023400103697,0.374786613357868,0.528389802817591,0.503569575710561,0.442257068089926,0.400737895186872,0.501851659393325,0.490799174178353,0.425407129795813,0.376444855770686,0.399054984015352,0.379437706594324,0.411840475596876,0.440037468340175,0.405941071899065,0.395695471940718,0.406414734893106,0.402077432542772,0.502715300737051,0.461320450022569,0.367925071193841,0.398637881659416,0.528174341131965,0.537957850813842,0.386524339775245,0.38679255116958,0.479897072971094,0.452426111056521,0.477104912040261,0.413156708938572,0.532546402326469,0.402818622305692,0.401826377335361,0.430582850083891,0.458959061398599,0.467274806116318,0.429624631250408,0.404263279809073,0.406639614048144,0.405434689811557,0.405467837789081,0.393550305266346,0.404801344023964,0.422321392089958,0.441510891129662,0.381152290358804,0.401588366925147,0.454960178581547,0.444361210967076,0.435646589017362,0.388775474973821,0.439560573075071,0.463184110234378,0.387700997863474,0.453097570420969,0.446743236081924,0.439510614436019,0.414655010869539,0.37787195765086,0.423851251770623,0.432283640957209,0.387242311609256,0.384430080528465
"E1-2_Root",0.0424834736489978,0,0.227042840425832,0.412598202289841,0.496376078702571,0.527854167154357,0.441941260324577,0.485247505198417,0.426312752839889,0.405073486771703,0.457199375545119,0.382224790959091,0.534127546187772,0.510395594229589,0.450560791152824,0.409532341978394,0.508371269978951,0.496748059650342,0.433974284929582,0.38587384051319,0.408072446039226,0.388672573039114,0.41983486985897,0.446975877625914,0.414923105533694,0.404548984078819,0.414871278760519,0.41126727945399,0.515035241433102,0.473723664162376,0.375915970654324,0.406476619545105,0.534727967275612,0.544440785524955,0.395548393999069,0.39562290575168,0.487512419707585,0.460144210172297,0.485362929337787,0.420916453197011,0.540929142531344,0.414278958619643,0.413003511703427,0.451268682426988,0.465702212476572,0.473738115197848,0.435630065119405,0.412284444836828,0.413701450814441,0.414287118353653,0.414550486262006,0.403076193313445,0.41403861867227,0.429570856613571,0.44836639739384,0.389327983034026,0.409848157646359,0.462372845380735,0.451712305383058,0.443936246304099,0.397477967173003,0.446808285900521,0.470920902955586,0.395776528207118,0.460198584935988,0.453003551989682,0.446262332798968,0.423026967390851,0.385922793687103,0.431190700186364,0.439495426129948,0.395284785417148,0.393539471125722
"E1-N_Soil",0.222072231180005,0.227042840425832,0,0.289873692625876,0.415091612088339,0.451619560749316,0.313968590473267,0.389234793960433,0.351345216971298,0.320898865443305,0.341365409028095,0.247250287489372,0.467030979133725,0.437367590980104,0.334714020962769,0.262532518221227,0.430099854958373,0.421088251217832,0.325905868040186,0.236864746371938,0.311701540271624,0.28229549479327,0.280978409809143,0.340926844806527,0.316651060384267,0.302608897197831,0.279338689974099,0.262283467175445,0.450735601116289,0.402395541627671,0.217233670321399,0.271130761162812,0.457530075040278,0.468293374646054,0.229626345028464,0.231854297273391,0.39791040015485,0.376184133502636,0.404420630247577,0.291107006561197,0.461639323041789,0.324685438177521,0.321573746989218,0.390665761633086,0.360015067418076,0.389143883947998,0.348296586889058,0.25152339648415,0.262104240618042,0.299044836212599,0.299145308071618,0.212073078964313,0.258366852318711,0.331201188956863,0.352357776963483,0.221875074171173,0.260891128823954,0.369948846435458,0.357501602665714,0.317506925734218,0.259660832496526,0.341733666405235,0.372025435758874,0.235332181909963,0.355353834017734,0.362531815488072,0.354414054313527,0.264448488090162,0.229578652494003,0.333484663171064,0.343640270225453,0.237410890599089,0.240010459631314
"E1-S_Soil",0.404192418549147,0.412598202289841,0.289873692625876,0,0.406749094972417,0.445377020673469,0.32897647035555,0.392369171476788,0.344067459464031,0.311011993214968,0.347682055438051,0.250271700970314,0.458030125614992,0.429167687338653,0.328501158050861,0.272228927696867,0.423331482495296,0.4132550213556,0.318847952529357,0.240427274104827,0.294729156088726,0.267734226966632,0.279760482878837,0.330334441487318,0.30421007914241,0.290020231930556,0.272787799191399,0.287594672957077,0.445137349654881,0.396068082253499,0.228780386806344,0.274789414857082,0.447911561990179,0.45941329005315,0.244358651051714,0.245956548487678,0.389208429081442,0.367418151745665,0.399695458503263,0.299917063216234,0.462687402815186,0.309452938168396,0.307087682778116,0.391210574051104,0.357031478588583,0.376607303303644,0.331837511219147,0.296842685894007,0.28941935515618,0.301935714937303,0.301845951600274,0.258422036537368,0.267373327557577,0.324975439073659,0.349811331872823,0.260064574560418,0.278606301889023,0.357180661960319,0.343161362566385,0.307588203546783,0.26331136406589,0.348707897677281,0.374798909371254,0.258378717527726,0.361426648409814,0.355458737599496,0.34681573505047,0.294714639778892,0.244723158995748,0.322249129807211,0.333373416546023,0.251525828398893,0.234753633466993
"E2-1_Root",0.488344765887721,0.496376078702571,0.415091612088339,0.406749094972417,0,0.0999782349430588,0.314992251930417,0.426373309165721,0.438953247180447,0.413636603234374,0.456093312518649,0.385959963399158,0.502951961612573,0.445009552629237,0.446877719122719,0.408059359298421,0.500962417914651,0.492584712534993,0.42587919926152,0.385488405735717,0.395115450043217,0.376449216393378,0.419109361912514,0.446409171084278,0.375629986257643,0.375877861193563,0.403774115155643,0.413777147626323,0.366180496855249,0.337471018101994,0.376078391879753,0.369581910270456,0.526107381052372,0.536558251322757,0.389703840456791,0.391405086042322,0.479543991030365,0.345462209431659,0.339848164087966,0.409805134088826,0.371010671308738,0.355502486660708,0.37134889918633,0.482599446559157,0.459098381509432,0.468289105430762,0.430980506417351,0.421370096479948,0.414155492082286,0.402500486623962,0.402908349953319,0.40301415940857,0.411963065498374,0.427460846577983,0.44785411906313,0.393841335455854,0.406867982206846,0.44523365248493,0.434643803349943,0.438978729068907,0.392459557414125,0.420665970035632,0.448266443806172,0.398528893510251,0.459293937268846,0.447145400673267,0.439154469582342,0.41634684639416,0.385257981990299,0.422033702287563,0.431057600125752,0.394726037583181,0.388744681563474
"E2-2_Root",0.51992054870691,0.527854167154357,0.451619560749316,0.445377020673469,0.0999782349430588,0,0.323869913639583,0.447175366396434,0.475785961259713,0.453787705440212,0.488875232601427,0.424987724417105,0.527395402260043,0.464190145374714,0.481100739222828,0.446035289774986,0.534663134128512,0.526983425842615,0.467090761262727,0.424775708696738,0.44091269997734,0.423303105700551,0.456070688337929,0.48113294945236,0.409433268593879,0.412648764296686,0.440673285096207,0.45078078923277,0.361521322611464,0.340688224192355,0.415647099468516,0.401666781381983,0.558303758402865,0.567860277074905,0.429566347192234,0.430769741127485,0.512824347822551,0.362509103916372,0.344907810664642,0.44582147622633,0.359165521980614,0.388930686627117,0.407769503507684,0.515264864490614,0.493258136868255,0.505097898976173,0.473105453945428,0.458049194390221,0.451262578162368,0.445352794536311,0.445304373728721,0.440921406021631,0.449218911324679,0.464796112363452,0.482688483064225,0.432570643726528,0.445327715578916,0.484604077853211,0.475782271213311,0.473815658849324,0.432077954339008,0.458728299577912,0.485849110341156,0.437018678891077,0.493390189335533,0.483113105340264,0.475265253414698,0.452907310095498,0.425342690920987,0.462323820769357,0.470123011127111,0.433272097585348,0.427668795670917
"E2-N_Soil",0.433464162835531,0.441941260324577,0.313968590473267,0.32897647035555,0.314992251930417,0.323869913639583,0,0.422212564706637,0.384047383364314,0.356310846780876,0.378179390324598,0.294937135722159,0.490654961821909,0.462799449909815,0.365145274337334,0.299959468107895,0.45465830814498,0.44531883241279,0.361202953288694,0.289626831836037,0.34602927907751,0.321068150108076,0.326009568136615,0.377186960404439,0.351103399519478,0.338406425782822,0.3222662181898,0.316533460858798,0.476125817761913,0.430764191597284,0.275856173100934,0.313280078370328,0.482031474271339,0.49236243634982,0.290372473692037,0.293776022136684,0.424504073349443,0.406077811515418,0.433463362430319,0.345378826869572,0.489717507194113,0.356269369617299,0.353899920249887,0.423025146997253,0.396402884889807,0.418846019737518,0.382174735233105,0.325630817676118,0.322071475094433,0.322974259384896,0.324090685621065,0.284114576676343,0.291779845060575,0.36450455059666,0.385199131861724,0.286476090977973,0.308511272639699,0.40120933104707,0.389528473840908,0.352077429446241,0.310194748287785,0.365817751355931,0.393518644243298,0.276291167167268,0.393281082707292,0.393050959042071,0.385499472919265,0.327474828570652,0.292899711897009,0.367361537369958,0.37663483509522,0.299728063943245,0.289275116582256
"E2-S_Soil",0.475166359507991,0.485247505198417,0.389234793960433,0.392369171476788,0.426373309165721,0.447175366396434,0.422212564706637,0,0.433656628172333,0.40942460096492,0.433629633305797,0.359861679118901,0.508183096711106,0.459046989918404,0.429339715793783,0.390400166047027,0.496514454918608,0.488563494962752,0.416835310775471,0.361528797873275,0.402149864684648,0.378639033299941,0.3979842459427,0.431244970074512,0.378732355126716,0.37547014327148,0.38684183663895,0.388568820900297,0.407337262152181,0.374200930203781,0.34657800002488,0.356379057810302,0.517340052139325,0.526689859403561,0.362630644977739,0.366290548317981,0.469562441915782,0.377742287212254,0.380498255762952,0.39851213437984,0.411267272777028,0.37411123944637,0.383770331445436,0.46847030879585,0.446925656432368,0.463804131149005,0.43711862582967,0.395892741855714,0.387619865287887,0.40682282248002,0.405886507639318,0.377647985393019,0.391676075780447,0.417488200233718,0.434409698866482,0.369357279648152,0.387631723436528,0.446012584819595,0.437097763997915,0.419527730358704,0.374449647142921,0.425902675042356,0.450449713269889,0.375325674205027,0.44323122769159,0.44156357973306,0.434166099140907,0.396323544383615,0.363676987895521,0.420093109407857,0.428378372565577,0.370987150306337,0.364092604671437
"E3-1_Root",0.413885937115144,0.426312752839889,0.351345216971298,0.344067459464031,0.438953247180447,0.475785961259713,0.384047383364314,0.433656628172333,0,0.101686104372854,0.346648556044017,0.303308951347147,0.484025357426848,0.458195373619914,0.390166827408985,0.342857568032126,0.45727750277312,0.450931608317159,0.361110063761375,0.304153862877101,0.331682536288353,0.312910155674157,0.359190169960248,0.387166115395293,0.341844338262307,0.326246993910663,0.347848689759087,0.352993143883053,0.420973701599604,0.376756392090843,0.303227645287519,0.338419950752075,0.475578867519593,0.486026403356396,0.322704739671152,0.32474609190255,0.426328913223614,0.399083649171084,0.428556248015989,0.354676078529951,0.495316268953278,0.343385975654053,0.337951842907947,0.424373228807058,0.406573401058722,0.406164099819758,0.359702329932301,0.361503874378016,0.351408240829814,0.335826066936197,0.335259270589036,0.342403761922794,0.349269801484694,0.366097536956598,0.387817217182261,0.326076735006401,0.340687515461285,0.369197580770859,0.357468161932159,0.381203918067214,0.298660519483552,0.360604766503962,0.386354767242504,0.331854869981979,0.404285531236532,0.386450919720759,0.371618730852747,0.354865574117971,0.314794643787062,0.340542924087268,0.352679264207788,0.310353505928781,0.303779991740087
"E3-2_Root",0.394421484045443,0.405073486771703,0.320898865443305,0.311011993214968,0.413636603234374,0.453787705440212,0.356310846780876,0.40942460096492,0.101686104372854,0,0.359339217356578,0.263937300737843,0.45756125778376,0.431624104894521,0.363265342751678,0.308862993833654,0.435525050836871,0.426437624466722,0.347476166453164,0.278070530012895,0.288877773824441,0.270389721176193,0.328697589006617,0.35773893772554,0.30504552737048,0.288063431695563,0.314837756696937,0.324165500184922,0.414597227201122,0.366228196754667,0.267109375895003,0.30273633800606,0.450746238217719,0.463436016705329,0.287301532325806,0.289860423132073,0.399466229210654,0.365763872099899,0.400502909297332,0.323234372816919,0.475174284319495,0.305276139607873,0.302183426444525,0.400666109302498,0.383918176126955,0.373169403437619,0.314626195017541,0.330287450003319,0.325884768890041,0.30431087208301,0.305070879261478,0.311117286821714,0.317787790869579,0.333989503465233,0.359981824058369,0.291459644544368,0.306293724884079,0.345857201706247,0.329288079755867,0.353867903567663,0.25437445459372,0.315671583270329,0.346228246022773,0.295318399102756,0.377540679036677,0.357802923456525,0.345856283003576,0.324347483015374,0.278131369601616,0.312909661765924,0.327131141650052,0.290570297708036,0.282784932562847
"E3-N_Soil",0.450023400103697,0.457199375545119,0.341365409028095,0.347682055438051,0.456093312518649,0.488875232601427,0.378179390324598,0.433629633305797,0.346648556044017,0.359339217356578,0,0.297952666417392,0.503244431340323,0.47556981551938,0.38521957865345,0.341816250239655,0.461429908520505,0.461665191906052,0.310387565546841,0.266999228961354,0.365945897177783,0.338507941913322,0.348150768908605,0.390810821384504,0.362716338507395,0.345917597353813,0.340347022440283,0.341185377518821,0.485332082456747,0.442232194133022,0.280010887684668,0.325615953167508,0.479515647503144,0.484188570276589,0.303433879167357,0.308621808212597,0.4373251179976,0.425079124509965,0.45071812243255,0.362629765321579,0.499739710342646,0.370979953060619,0.357113703093996,0.426059236959583,0.395371824795274,0.42297849141309,0.40144743490213,0.352329884169169,0.315962869956372,0.344033015875787,0.340170940019517,0.328378954245784,0.338826725477974,0.379523485983354,0.392430248450014,0.317690679997757,0.332548878884538,0.348373345642792,0.348708089382586,0.359933468077817,0.322473943332315,0.402018965697195,0.422757974182352,0.318466866403539,0.407476370974788,0.401599349271336,0.386789705250582,0.349062755320424,0.315883668455073,0.333705468304742,0.342624836780138,0.239175545502264,0.22634600524562
"E3-S_Soil",0.374786613357868,0.382224790959091,0.247250287489372,0.250271700970314,0.385959963399158,0.424987724417105,0.294937135722159,0.359861679118901,0.303308951347147,0.263937300737843,0.297952666417392,0,0.440611065893798,0.409102936003589,0.296591882675391,0.238308067343689,0.399992059524618,0.389946786869159,0.292543353515555,0.190111445515402,0.27204432137494,0.236078975514039,0.245638489496702,0.304847146276628,0.27220172824008,0.255343868237351,0.240477034967626,0.253421608711792,0.42300234845039,0.370704658618316,0.157181829335028,0.226603878634187,0.432271830029725,0.443628493945844,0.200094595489252,0.202193365186511,0.367341442538553,0.344946108207406,0.376996080927662,0.278955976938766,0.436993149816574,0.290475286198061,0.287148481302997,0.363589940004025,0.337396782700326,0.36271345503387,0.321742582029151,0.262348953787908,0.24904447784122,0.277011828082613,0.276218121211856,0.217497592174782,0.233281036606294,0.294198702322005,0.316864063882987,0.210927568741123,0.237558944053246,0.341807266717646,0.32776097587839,0.280582569380768,0.21414076869532,0.320741664153408,0.350668045713583,0.212094752150942,0.328538106886888,0.33044939238038,0.322029320721667,0.250124972810379,0.199039259199289,0.298211200671902,0.309839720934111,0.211207242329812,0.190673368249954
"E4-1_Root",0.528389802817591,0.534127546187772,0.467030979133725,0.458030125614992,0.502951961612573,0.527395402260043,0.490654961821909,0.508183096711106,0.484025357426848,0.45756125778376,0.503244431340323,0.440611065893798,0,0.127868411201841,0.493593310824067,0.45674539496905,0.526376031410376,0.519183076844048,0.486817482373148,0.441558841585698,0.446949637409271,0.434817903217047,0.470058465859913,0.492828186673157,0.444412157096118,0.439664133929904,0.458597422905403,0.466957095807266,0.50744648400045,0.474449549383584,0.433378875565004,0.444416275375,0.564086090931218,0.574341440370619,0.442958799357783,0.445432045104813,0.523540318445676,0.456531581948416,0.47155428929707,0.463415840018053,0.51921906773488,0.393936662699555,0.406512458439467,0.528442647725954,0.509450696173517,0.504302151209812,0.463483452306056,0.47126538965409,0.469239585220285,0.454884941500339,0.455764988537707,0.45787235472746,0.462628693948848,0.477416044536337,0.496704821428433,0.44772213921994,0.45587896879046,0.489725474421304,0.478698615660044,0.48807101346026,0.444944881123655,0.479880596087997,0.503993544821664,0.448679832078434,0.507782255942095,0.497870335817993,0.49062139660052,0.468244532586987,0.439441773428438,0.471207817398154,0.478959553550485,0.448264253584961,0.443642875356169
"E4-2_Root",0.503569575710561,0.510395594229589,0.437367590980104,0.429167687338653,0.445009552629237,0.464190145374714,0.462799449909815,0.459046989918404,0.458195373619914,0.431624104894521,0.47556981551938,0.409102936003589,0.127868411201841,0,0.465441401958614,0.42729053829959,0.51441474971549,0.507253680195177,0.459035054274057,0.410048826001914,0.422749095405072,0.407682521503901,0.441295297954465,0.465526618218327,0.403537256075342,0.402119256033184,0.427156992186673,0.43749606567028,0.420864050358496,0.391438530967619,0.400580076378736,0.39902750587789,0.541704266794315,0.552332873201588,0.412928204648385,0.415115864480211,0.498725654413134,0.388996477423138,0.390597527231926,0.432211172644925,0.426576472813268,0.352517739716665,0.3715111585523,0.502976010779076,0.484192310643912,0.483486779227966,0.444630568920446,0.442996623018382,0.440322057697975,0.428884285540023,0.429378949816373,0.427550250700664,0.433517792187188,0.450091286262434,0.469337064778897,0.417207098964178,0.427568622163155,0.466256040924427,0.455750537846143,0.459927933297907,0.415062142566825,0.448119690138255,0.475329239031088,0.419565373724447,0.48051418479966,0.469735048097102,0.461137031624117,0.4383957512557,0.408801767720072,0.445409062797728,0.453472162151251,0.417880624402326,0.412580651062146
"E4-N_Soil",0.442257068089926,0.450560791152824,0.334714020962769,0.328501158050861,0.446877719122719,0.481100739222828,0.365145274337334,0.429339715793783,0.390166827408985,0.363265342751678,0.38521957865345,0.296591882675391,0.493593310824067,0.465441401958614,0,0.306295551056043,0.459946145330124,0.452649236667294,0.365583180885536,0.28944698473334,0.355079290087131,0.329704148260011,0.311494820377549,0.369921189294594,0.357496201886588,0.345435747187796,0.317325932967015,0.329424227289114,0.479708334062638,0.4354664072781,0.282603302510226,0.319409660214441,0.487588405209096,0.497614051526954,0.304087478280078,0.306736999979256,0.429543884106438,0.414228387368593,0.440933184721532,0.357182157153923,0.493449913183575,0.367129560454013,0.364764206967282,0.429962390953619,0.399452705955329,0.428418243573521,0.396206126332884,0.342468725136346,0.333007662310968,0.349591136909314,0.349266060219131,0.302706749233663,0.293346326494083,0.373779183473552,0.393057445905302,0.310222272413651,0.327746640001256,0.408836354525848,0.397667502197745,0.33302820061414,0.316769957269786,0.390538949915817,0.413614896926042,0.298647291884719,0.394083317651116,0.402705179742187,0.395230090593582,0.347760261739767,0.298748928193063,0.376280381198346,0.385417304776414,0.311325808181746,0.287623802923127
"E4-S_Soil",0.400737895186872,0.409532341978394,0.262532518221227,0.272228927696867,0.408059359298421,0.446035289774986,0.299959468107895,0.390400166047027,0.342857568032126,0.308862993833654,0.341816250239655,0.238308067343689,0.45674539496905,0.42729053829959,0.306295551056043,0,0.425974078092649,0.41718945345048,0.320563176266049,0.227551210166472,0.296101359585333,0.2680884773409,0.247734674340739,0.325296535436278,0.304751946421055,0.290028494128823,0.259194264559491,0.280619400156035,0.445699619750041,0.396636891031475,0.213902151200135,0.264559700238047,0.448392110011218,0.459799263530587,0.223020874444979,0.227943993616197,0.389768743631265,0.367188879506267,0.39907506001204,0.285004609438652,0.460845570473539,0.310481787639142,0.308413641827266,0.389662001345156,0.351748171683209,0.378108002728956,0.333592051095328,0.279432515557619,0.280151519106258,0.266081876370411,0.268601804559917,0.214101044564817,0.199894552744834,0.324623480667088,0.348463734761234,0.232538695982277,0.249681845527418,0.356386970062486,0.341253714142588,0.284374053038078,0.257447969527936,0.318580178257021,0.351235434628766,0.20399024928657,0.354824508891721,0.358161267221342,0.349635557447423,0.279169556015615,0.216998617310288,0.323093228119516,0.33448765720166,0.243870606134036,0.222222060052226
"E5-1_Root",0.501851659393325,0.508371269978951,0.430099854958373,0.423331482495296,0.500962417914651,0.534663134128512,0.45465830814498,0.496514454918608,0.45727750277312,0.435525050836871,0.461429908520505,0.399992059524618,0.526376031410376,0.51441474971549,0.459946145330124,0.425974078092649,0,0.0785992314779973,0.43923350211936,0.398641197174286,0.382689838969934,0.363472166422432,0.433644607228706,0.460869713573008,0.42552746233521,0.41523747724263,0.428617782427429,0.425461991122682,0.531088452172624,0.49175167650216,0.392257166338257,0.424298469929554,0.534397704684058,0.544794474501951,0.407209078187108,0.408533214505639,0.496912411262601,0.476949132986574,0.502735099226573,0.438272785222858,0.553490570243036,0.432191999483389,0.428798932000167,0.495830407068154,0.474582470089428,0.490509803815369,0.460079089483566,0.43569288519013,0.42884435227677,0.413890519255684,0.412483613271065,0.417239167283287,0.428404359942342,0.440035110503835,0.459602435352652,0.409661037043794,0.426592115249979,0.463327633017591,0.453822043672474,0.452567927972653,0.411102125009597,0.465937443394417,0.484788848831224,0.418673784034798,0.472977029538255,0.463917684530599,0.457157176306484,0.437209482326489,0.401481808517193,0.439913945782348,0.448869376452163,0.408177920518418,0.402560780753845
"E5-2_Root",0.490799174178353,0.496748059650342,0.421088251217832,0.4132550213556,0.492584712534993,0.526983425842615,0.44531883241279,0.488563494962752,0.450931608317159,0.426437624466722,0.461665191906052,0.389946786869159,0.519183076844048,0.507253680195177,0.452649236667294,0.41718945345048,0.0785992314779973,0,0.427188232666085,0.390381303404523,0.375095318338947,0.356409701960725,0.424337416650457,0.45266856352193,0.416414053168843,0.405717945975431,0.418928508255944,0.417785156582265,0.525212636020563,0.484302417273727,0.382513701261428,0.41432597012441,0.528863563093852,0.539543428747483,0.398324674082795,0.399487095432592,0.490061885472035,0.466271204756573,0.49367326538164,0.429533641611601,0.547738323238806,0.421425148686346,0.418521168076757,0.487649635093634,0.465411369842066,0.479447763696628,0.444952659302956,0.425091634012868,0.419540705059635,0.408127853473662,0.407127556073909,0.407454127314987,0.419977266336724,0.429480097750054,0.451063123024036,0.399988385802709,0.417916163362676,0.459301740334546,0.448724243025638,0.445409358766998,0.402013270884819,0.457953520995813,0.477624596062148,0.409495449748634,0.46448873856407,0.452048209080923,0.445697891657594,0.428562655968835,0.391477639247669,0.431344306572027,0.440413282537487,0.401920316385612,0.396379042004325
"E5-N_Soil",0.425407129795813,0.433974284929582,0.325905868040186,0.318847952529357,0.42587919926152,0.467090761262727,0.361202953288694,0.416835310775471,0.361110063761375,0.347476166453164,0.310387565546841,0.292543353515555,0.486817482373148,0.459035054274057,0.365583180885536,0.320563176266049,0.43923350211936,0.427188232666085,0,0.268147517905511,0.337018587854665,0.309421290974932,0.323680533707239,0.364753826343885,0.341581877185956,0.326540424690272,0.320203318900106,0.318204561046081,0.467149434274197,0.421090456900266,0.273843689595089,0.316402260492139,0.473461815217081,0.482062175722339,0.28509455093999,0.288548231555544,0.420917724043459,0.393442006681368,0.423362166517398,0.33506708909901,0.485395041981627,0.336147525049887,0.329755107735259,0.392087390941794,0.367925024870514,0.409033399139519,0.37384596183475,0.331058210316395,0.303650168061844,0.334031251769874,0.332327697382868,0.301282884173078,0.316550143724682,0.356822612491945,0.377417939557075,0.302803249263038,0.324552761562789,0.373078347541492,0.365247099322747,0.348390738907858,0.304919609397283,0.384784105569488,0.406286319787534,0.306887477923512,0.37457429918327,0.379422134047695,0.369672831189962,0.337222109975865,0.290006904776347,0.337674235337269,0.347724211118789,0.270506999979117,0.259442026954558
"E5-S_Soil",0.376444855770686,0.38587384051319,0.236864746371938,0.240427274104827,0.385488405735717,0.424775708696738,0.289626831836037,0.361528797873275,0.304153862877101,0.278070530012895,0.266999228961354,0.190111445515402,0.441558841585698,0.410048826001914,0.28944698473334,0.227551210166472,0.398641197174286,0.390381303404523,0.268147517905511,0,0.270735084649175,0.236169334340775,0.224225859992741,0.299091701469465,0.271653069689597,0.25450210983733,0.224971333939628,0.236420374574592,0.421141194331154,0.369253405655297,0.149303657872934,0.214307446846263,0.429301520271494,0.439780490898279,0.186264293984106,0.188832771845743,0.365485475022204,0.347468567145594,0.378677714614009,0.265421060088668,0.438481490025766,0.28339266426227,0.278059172195378,0.349301408408203,0.321270024580384,0.359571148474066,0.320272863041164,0.249730043439802,0.231308827269773,0.261236966310684,0.258737627620094,0.195593852129111,0.205167255250116,0.294922090476143,0.317793941748069,0.203355991683775,0.230372644072725,0.325270365413448,0.313043242591693,0.25760572182728,0.216896380355969,0.324594636159367,0.35201030746797,0.20598449687424,0.328014510302235,0.328090235918778,0.317565118284145,0.243252712768104,0.189408498117879,0.283250503277827,0.296096114050428,0.177848962672372,0.153818928200262
"E6-1_Root",0.399054984015352,0.408072446039226,0.311701540271624,0.294729156088726,0.395115450043217,0.44091269997734,0.34602927907751,0.402149864684648,0.331682536288353,0.288877773824441,0.365945897177783,0.27204432137494,0.446949637409271,0.422749095405072,0.355079290087131,0.296101359585333,0.382689838969934,0.375095318338947,0.337018587854665,0.270735084649175,0,0.0839572092568241,0.313022641583502,0.32918606051991,0.285597591801413,0.271453488697621,0.300005158500386,0.31204920263385,0.435545016042875,0.385139254716234,0.259638650640933,0.298496196197665,0.424392765988483,0.439994080074127,0.271702819111004,0.276228199971407,0.388809464778404,0.349974796574972,0.390783319811308,0.307235393057928,0.470315936992013,0.268548238885521,0.266618589500373,0.37319640282241,0.370671512636351,0.345932958677748,0.272719432827447,0.31768432462058,0.314685359585756,0.252286916978646,0.253775346729967,0.29826104406369,0.305303263109346,0.318619261950741,0.351078919306161,0.279671841288014,0.290580716505276,0.318427207602467,0.303053226258166,0.342526266489128,0.272974323111892,0.333502638884985,0.365166209822781,0.280598855975228,0.369908019407341,0.350801867292521,0.341086360820611,0.3121239947387,0.265655058417008,0.304988299161009,0.317733484479948,0.280517551410373,0.275265766870411
"E6-2_Root",0.379437706594324,0.388672573039114,0.28229549479327,0.267734226966632,0.376449216393378,0.423303105700551,0.321068150108076,0.378639033299941,0.312910155674157,0.270389721176193,0.338507941913322,0.236078975514039,0.434817903217047,0.407682521503901,0.329704148260011,0.2680884773409,0.363472166422432,0.356409701960725,0.309421290974932,0.236169334340775,0.0839572092568241,0,0.281279467710461,0.310760726240585,0.264604695241371,0.249285751678527,0.274145575984576,0.281221528853323,0.414564823789228,0.363719428022896,0.221541724623054,0.268808098861725,0.390773933145946,0.405100729310273,0.240732517603316,0.243803508621171,0.362693344872496,0.335931245870174,0.375289569401175,0.28485523806497,0.450312680950621,0.257119900583086,0.254449913265806,0.351965110192728,0.349499822807249,0.319411873867106,0.272186023738186,0.290271529200981,0.285477082402445,0.23624460807129,0.238102357131393,0.267767261535026,0.275759587949968,0.295624866521948,0.326691862243945,0.248075740477893,0.265461754809236,0.289179312343353,0.273804297606675,0.315089927194786,0.242822062908846,0.312872565473349,0.337557085699865,0.250004347289257,0.345556103418476,0.329991931262859,0.320509840315424,0.287188074003484,0.232351478945727,0.287002966536698,0.300153805401849,0.249557367940984,0.241514362208096
"E6-N_Soil",0.411840475596876,0.41983486985897,0.280978409809143,0.279760482878837,0.419109361912514,0.456070688337929,0.326009568136615,0.3979842459427,0.359190169960248,0.328697589006617,0.348150768908605,0.245638489496702,0.470058465859913,0.441295297954465,0.311494820377549,0.247734674340739,0.433644607228706,0.424337416650457,0.323680533707239,0.224225859992741,0.313022641583502,0.281279467710461,0,0.331989599383372,0.321985288628401,0.308602063269678,0.252666870253979,0.26020015893864,0.454956705088506,0.407334890012229,0.208715163759677,0.261553265681488,0.462367736632741,0.473115657659061,0.239103256182746,0.242946672083338,0.400670207024971,0.380688667585746,0.409973624915867,0.309529313082462,0.469797566404057,0.330121532541225,0.327740709403301,0.397247884187828,0.360477935218424,0.392181977844136,0.353223474192682,0.267611901020022,0.213714045235116,0.320832885731243,0.320542436865709,0.230123046859237,0.172453527836013,0.340134811776756,0.361911681380113,0.251199090137191,0.275177531184826,0.37693397380749,0.364427836303593,0.219949317653134,0.268198131722155,0.36428006338447,0.389070270211991,0.243469195697127,0.368361742118492,0.37040756632739,0.361984645977196,0.295381753964063,0.225036618634298,0.340013110456829,0.350262225043883,0.253980394035565,0.207727709669167
"E6-S_Soil",0.440037468340175,0.446975877625914,0.340926844806527,0.330334441487318,0.446409171084278,0.48113294945236,0.377186960404439,0.431244970074512,0.387166115395293,0.35773893772554,0.390810821384504,0.304847146276628,0.492828186673157,0.465526618218327,0.369921189294594,0.325296535436278,0.460869713573008,0.45266856352193,0.364753826343885,0.299091701469465,0.32918606051991,0.310760726240585,0.331989599383372,0,0.354750776472942,0.342500933343524,0.333984294016983,0.335248299918961,0.479091819270177,0.434371028558525,0.29266897269797,0.331199799853078,0.481876747177817,0.492202175280213,0.304891023318119,0.302991940489914,0.428523747209326,0.410466898172074,0.438805370736314,0.342127109608529,0.495332875539031,0.361597624095294,0.359220580091092,0.429613217205627,0.396921563367669,0.418411125511574,0.383150726618756,0.346987475380713,0.34161483711313,0.350864150708703,0.348095923963616,0.32044847022943,0.324955398826523,0.371560157260665,0.39160474962816,0.320124837837762,0.33891256988316,0.399270295797137,0.388318289395492,0.354891559875831,0.320744326269673,0.392179242287932,0.41516690496296,0.31627525851042,0.403163451864451,0.400613604993376,0.393182536595245,0.355104194244659,0.306839331989143,0.372036097799609,0.381388123885843,0.307974841690544,0.29708596812628
"E7-1_Root",0.405941071899065,0.414923105533694,0.316651060384267,0.30421007914241,0.375629986257643,0.409433268593879,0.351103399519478,0.378732355126716,0.341844338262307,0.30504552737048,0.362716338507395,0.27220172824008,0.444412157096118,0.403537256075342,0.357496201886588,0.304751946421055,0.42552746233521,0.416414053168843,0.341581877185956,0.271653069689597,0.285597591801413,0.264604695241371,0.321985288628401,0.354750776472942,0,0.0606229114860702,0.261770625512056,0.316059354916529,0.382591916259432,0.336512080043622,0.262534514335423,0.287201406972173,0.446719322387337,0.459158321264422,0.28018054758271,0.282360681154841,0.396380752363035,0.320663050175286,0.343287995515844,0.315767016029713,0.403339136320718,0.279066812022755,0.285057218066934,0.388202541852609,0.37903437196783,0.373842165348439,0.321780113255678,0.323814740697253,0.320750022488315,0.299100093449025,0.298819636891684,0.302838320906663,0.311815964906577,0.331994540073703,0.358040700026185,0.287012646146202,0.303027979986785,0.351303454495378,0.337916208632864,0.347448425305809,0.284529258781628,0.337858943389027,0.36894860986404,0.293113055841832,0.371309677516968,0.360295010151647,0.350594983347869,0.31815957434533,0.273577123726845,0.325595646904975,0.337022132853121,0.287275547423801,0.278332223979642
"E7-2_Root",0.395695471940718,0.404548984078819,0.302608897197831,0.290020231930556,0.375877861193563,0.412648764296686,0.338406425782822,0.37547014327148,0.326246993910663,0.288063431695563,0.345917597353813,0.255343868237351,0.439664133929904,0.402119256033184,0.345435747187796,0.290028494128823,0.41523747724263,0.405717945975431,0.326540424690272,0.25450210983733,0.271453488697621,0.249285751678527,0.308602063269678,0.342500933343524,0.0606229114860702,0,0.255932842111316,0.301615130116762,0.392412588465313,0.344217361951462,0.245341572528648,0.277688455668823,0.433782463123761,0.446306435181247,0.264189355145273,0.266386725927717,0.384030958714685,0.323621408848611,0.351344857952199,0.303305900970624,0.415803101141638,0.271493527096696,0.274342090184377,0.377124346054855,0.366782004347104,0.359873803018731,0.308168500940864,0.310360851960727,0.306102334228397,0.284736239835806,0.284358404294228,0.288295448416504,0.297831034064644,0.318153733827359,0.345264361350223,0.271496136651931,0.288633026815755,0.334241405491498,0.320330000688107,0.335022492030769,0.267162443898078,0.322457580943862,0.352339526147671,0.277818013849405,0.357150669236769,0.346305908584678,0.336408456717072,0.304083853118535,0.257416454638297,0.309063178207531,0.321464691235704,0.270064858826244,0.26057567887578
"E7-N_Soil",0.406414734893106,0.414871278760519,0.279338689974099,0.272787799191399,0.403774115155643,0.440673285096207,0.3222662181898,0.38684183663895,0.347848689759087,0.314837756696937,0.340347022440283,0.240477034967626,0.458597422905403,0.427156992186673,0.317325932967015,0.259194264559491,0.428617782427429,0.418928508255944,0.320203318900106,0.224971333939628,0.300005158500386,0.274145575984576,0.252666870253979,0.333984294016983,0.261770625512056,0.255932842111316,0,0.268226667940907,0.435545407397919,0.387284729310222,0.214437247289955,0.249910416204266,0.451870685189165,0.463432887825952,0.232123343907544,0.238452159269259,0.39257976810357,0.361060063491722,0.390088105897084,0.302816880331115,0.450607404321321,0.307476562908239,0.306913141798386,0.389409638607846,0.358329745004693,0.379864138708658,0.333525656463574,0.277078059909061,0.271592691029483,0.307411361367732,0.307281706885667,0.236789255591253,0.240727994127007,0.329446529451798,0.353570364750929,0.245191273793928,0.264969982002633,0.361140912712177,0.347148401208391,0.280619345565666,0.260404035873958,0.350192216909684,0.377633029870626,0.236204191667981,0.360942342396522,0.35970075507546,0.351025375890781,0.287443606500312,0.233445988634697,0.326985649610799,0.337774263550054,0.249338950861664,0.212779988398231
"E7-S_Soil",0.402077432542772,0.41126727945399,0.262283467175445,0.287594672957077,0.413777147626323,0.45078078923277,0.316533460858798,0.388568820900297,0.352993143883053,0.324165500184922,0.341185377518821,0.253421608711792,0.466957095807266,0.43749606567028,0.329424227289114,0.280619400156035,0.425461991122682,0.417785156582265,0.318204561046081,0.236420374574592,0.31204920263385,0.281221528853323,0.26020015893864,0.335248299918961,0.316059354916529,0.301615130116762,0.268226667940907,0,0.450352441268275,0.402062938768134,0.223548205455315,0.273487453045168,0.457542095495179,0.46828878022306,0.239957619462937,0.23410978122719,0.396901464090449,0.371901870990854,0.401074289762849,0.299494086325095,0.464505040081683,0.318794729820179,0.316152322875377,0.38601875171959,0.355385584510634,0.389397327215856,0.347998838323844,0.230836345075696,0.249842159236341,0.316862374160515,0.315684351449832,0.240740134854423,0.258894491712009,0.333449168431468,0.354885316734733,0.242763754284551,0.285192467868609,0.369026341414209,0.357166521020316,0.291257229525799,0.262429431624989,0.360768462708378,0.385383847022053,0.254732653955864,0.35597806778375,0.363372084740436,0.354864008139718,0.298583980290952,0.248811528114412,0.335119726263687,0.344965913485053,0.25205899599503,0.229637915323786
"E8-1_Root",0.502715300737051,0.515035241433102,0.450735601116289,0.445137349654881,0.366180496855249,0.361521322611464,0.476125817761913,0.407337262152181,0.420973701599604,0.414597227201122,0.485332082456747,0.42300234845039,0.50744648400045,0.420864050358496,0.479708334062638,0.445699619750041,0.531088452172624,0.525212636020563,0.467149434274197,0.421141194331154,0.435545016042875,0.414564823789228,0.454956705088506,0.479091819270177,0.382591916259432,0.392412588465313,0.435545407397919,0.450352441268275,0,0.0698441438013794,0.410911536412319,0.376066917322732,0.497092885244202,0.505574931072652,0.428763414938079,0.428178286209552,0.494775100495631,0.281045914192858,0.218234375111581,0.440926828578642,0.18193911310523,0.351524171199553,0.381485736022716,0.488132764770126,0.49796711363927,0.466898676138928,0.469187492399309,0.456950697988733,0.454071655406862,0.445566120585108,0.444358492840958,0.440725001007084,0.448472543731057,0.46145703043899,0.479813117087987,0.43212779854446,0.445303379374404,0.442687078325582,0.440254311901413,0.47220804581034,0.430842640827668,0.437872701647962,0.452823658466394,0.43176458401447,0.492533214896705,0.483510730983441,0.472610656930468,0.449041377024335,0.423899698255522,0.460925181792507,0.469759385978804,0.431868355759043,0.425298203710782
"E8-2_Root",0.461320450022569,0.473723664162376,0.402395541627671,0.396068082253499,0.337471018101994,0.340688224192355,0.430764191597284,0.374200930203781,0.376756392090843,0.366228196754667,0.442232194133022,0.370704658618316,0.474449549383584,0.391438530967619,0.4354664072781,0.396636891031475,0.49175167650216,0.484302417273727,0.421090456900266,0.369253405655297,0.385139254716234,0.363719428022896,0.407334890012229,0.434371028558525,0.336512080043622,0.344217361951462,0.387284729310222,0.402062938768134,0.0698441438013794,0,0.35707478357134,0.328252059167103,0.476521515127771,0.486427009969919,0.37773603516219,0.377780141688611,0.45875450906341,0.248277412721774,0.197310262829209,0.393630210263677,0.188827126713455,0.304770898392397,0.333957075077891,0.444292477295354,0.454718714172884,0.433473233011452,0.42069939828341,0.408730305918134,0.405936126613156,0.39676392684424,0.39576780423099,0.39144810669292,0.40031912311329,0.41252162495693,0.433868794226598,0.380993096420882,0.395799999956672,0.409690837520954,0.404435813452651,0.427165572435331,0.379913029620981,0.397752497549409,0.419527459828962,0.382618566673226,0.448905600529921,0.438632439644814,0.427298127703344,0.40147543074589,0.371692013969218,0.412622997986846,0.422438656774831,0.381329866424815,0.374598936760808
